;; session, allmodes, days

nocheck
(648,808,112,606,169 (nocheck) 3.77)
(727,625,394,291,058 (nocheck) 3.44)
(915,680,354,512,328 (nocheck) 2.98)
(296,521,611,609,424 (nocheck) 5.86)
(403,975,109,393,250 (nocheck) 3.99)
(610,852,556,658,636 (nocheck) 2.78)
(104,998,146,208,437 (nocheck) 3.08)
(642,322,910,674,599 (nocheck) 2.81)
(366,438,002,818,485 (nocheck) 2.63)
(944,768,765,993,039 (nocheck) 2.85)
(150,350,587,330,130 (nocheck) 2.43)
(738,059,367,140,025 (nocheck) 2.83)
(67,584,144,518,063 (nocheck) 2.71)
(574,675,642,657,889 (nocheck) 4.06)
(837,458,665,200,440 (nocheck) 4.03)
(442,617,298,270,624 (nocheck) 4.99)
(534,689,830,005,660 (nocheck) 10.68)
(529,711,291,250,044 (nocheck) 8.12)
(352,141,099,807,827 (nocheck) 2.40)
(424,269,318,608,694 (nocheck) 4.71)
(791,151,139,227,143 (nocheck) 6.25)
(449,158,561,407,421 (nocheck) 3.17)
(755,682,438,909,769 (nocheck) 3.23)
(876,045,310,732,787 (nocheck) 2.98)
(380,101,854,255,793 (nocheck) 5.41)
(836,034,135,668,635 (nocheck) 3.16)
(448,933,356,754,325 (nocheck) 12.01)
(583,926,542,889,258 (nocheck) 3.11)
(776,191,849,757,457 (nocheck) 5.12)
(929,199,407,644,331 (nocheck) 3.81)
(766,973,101,491,090 (nocheck) 6.97)
(653,227,235,353,808 (nocheck) 3.04)
(389,346,447,594,869 (nocheck) 3.08)
(294,165,947,207,151 (nocheck) 2.65)
(144,488,868,339,460 (nocheck) 7.01)
(432,216,787,353,548 (nocheck) 4.38)
(780,998,455,542,891 (nocheck) 3.03)
(175,097,635,510,470 (nocheck) 2.58)
(726,848,701,116,165 (nocheck) 7.10)
(322,959,946,851,091 (nocheck) 6.88)
(956,885,555,382,885 (nocheck) 3.05)
(260,989,228,454,415 (nocheck) 2.90)
(777,282,076,402,123 (nocheck) 12.49)
(541,179,225,558,187 (nocheck) 3.24)
(393,470,237,124,820 (nocheck) 8.35)
(30,061,999,505,612 (nocheck) 3.13)
(202,639,759,078,119 (nocheck) 8.00)
(196,056,212,078,094 (nocheck) 5.96)
(954,513,450,514,500 (nocheck) 2.96)
(96,777,714,494,439 (nocheck) 2.62)
(348,132,079,771,971 (nocheck) 3.03)
(884,558,428,807,958 (nocheck) 2.67)
(401,285,571,150,597 (nocheck) 2.37)
(683,928,781,835,547 (nocheck) 2.95)
(419,171,947,335,822 (nocheck) 4.01)
(188,492,244,765,452 (nocheck) 4.88)
(734,717,910,755,497 (nocheck) 7.87)
(148,874,977,777,402 (nocheck) 2.83)
(784,470,524,788,999 (nocheck) 6.31)
(258,313,218,859,722 (nocheck) 2.46)
(611,668,816,299,608 (nocheck) 6.96)
(163,332,636,617,419 (nocheck) 3.14)
(523,639,232,566,977 (nocheck) 3.15)
(305,323,683,935,946 (nocheck) 2.88)
(815,281,598,156,904 (nocheck) 7.05)
(67,622,556,140,599 (nocheck) 7.00)
(266,373,675,488,864 (nocheck) 4.12)
(235,633,928,477,244 (nocheck) 7.49)
(652,572,432,932,752 (nocheck) 2.36)
(714,639,808,748,024 (nocheck) 3.81)
(467,688,583,556,274 (nocheck) 5.99)
(940,280,763,727,762 (nocheck) 3.84)
(859,197,908,971,338 (nocheck) 4.67)
(272,483,756,194,463 (nocheck) 3.22)
(964,817,055,130,123 (nocheck) 10.58)
(599,259,466,605,533 (nocheck) 2.51)
(935,076,451,928,479 (nocheck) 13.33)
(502,870,546,506 (nocheck) 13.77)
(554,573,159,081,566 (nocheck) 6.91)
(457,694,520,387,836 (nocheck) 3.18)
(441,424,171,938,318 (nocheck) 3.02)
(634,138,441,151,489 (nocheck) 2.56)
(953,156,110,445,352 (nocheck) 3.38)
(296,150,397,389,954 (nocheck) 3.33)
(798,933,618,196,286 (nocheck) 6.86)
(390,549,569,441,704 (nocheck) 6.93)
(152,107,254,186,799 (nocheck) 5.74)
(797,106,114,866,114 (nocheck) 3.02)
(185,076,785,032,712 (nocheck) 5.63)
(134,877,625,908,593 (nocheck) 4.37)
(964,334,498,033,020 (nocheck) 3.02)
(69,647,911,639,785 (nocheck) 5.11)
(363,144,662,367,437 (nocheck) 4.59)
(441,283,472,078,833 (nocheck) 3.15)
(239,750,214,511,710 (nocheck) 3.27)
(666,955,646,313,054 (nocheck) 2.97)
(890,263,121,521,821 (nocheck) 4.73)
(579,977,794,723,270 (nocheck) 4.84)
(475,815,335,873,830 (nocheck) 7.03)
(836,417,813,524,729 (nocheck) 2.37)
(691,343,333,823,031 (nocheck) 2.84)
(443,879,976,762,706 (nocheck) 16.06)
(911,920,039,160,814 (nocheck) 5.05)
(452,207,375,268,701 (nocheck) 5.39)
(347,366,398,333,966 (nocheck) 12.14)
(614,366,781,033,165 (nocheck) 3.87)
(783,998,144,924,147 (nocheck) 5.44)
(825,044,312,740,187 (nocheck) 3.60)
(155,660,077,478,135 (nocheck) 3.66)
(415,670,359,543,032 (nocheck) 3.72)
(417,400,769,918,339 (nocheck) 2.67)
(660,985,781,051,504 (nocheck) 5.86)
(485,847,770,421,962 (nocheck) 3.65)
(177,478,921,752,961 (nocheck) 2.57)
(517,752,322,521,153 (nocheck) 2.73)
(607,230,319,928,572 (nocheck) 3.75)
(611,015,669,661,457 (nocheck) 3.31)
(322,861,063,132,751 (nocheck) 7.02)
(809,509,009,489,657 (nocheck) 2.55)
(69,424,731,294,228 (nocheck) 13.91)
(84,231,547,009,617 (nocheck) 4.43)
(845,311,173,178,592 (nocheck) 7.86)
(618,245,720,664,734 (nocheck) 5.99)
(179,347,249,282,623 (nocheck) 5.49)
(898,743,014,331,712 (nocheck) 4.39)
(990,877,893,082,904 (nocheck) 4.18)
(204,888,460,072,020 (nocheck) 3.22)
(78,325,391,239,015 (nocheck) 3.09)
(813,939,113,332,530 (nocheck) 4.05)
(708,563,841,275,323 (nocheck) 3.70)
(470,333,544,215,933 (nocheck) 11.16)
(217,241,782,813,056 (nocheck) 2.71)
(814,110,028,245,563 (nocheck) 7.94)

nonstrict
(477,627,146,630,172 (nonstrict) 2.58)
(472,215,255,100,530 (nonstrict) 2.61)
(93,508,933,388,486 (nonstrict) 2.69)
(846,249,872,364,334 (nonstrict) 6.06)
(148,127,648,873,035 (nonstrict) 4.21)
(176,103,759,105,394 (nonstrict) 3.14)
(965,347,005,358,546 (nonstrict) 3.83)
(31,874,082,742,909 (nonstrict) 2.34)
(882,353,474,718,555 (nonstrict) 6.19)
(8,096,241,659,886 (nonstrict) 6.32)
